Multiple size <= 100
TEST 1 ARG:28 14 93 25 3 72 27 37 73 86 75 13 34 79 53 70 6 24 2 39 91 19 74 15 9 51 63 32 48 47 59 71 66 55 69 57 95 88 42 76 33 29 4 11 77 68 26 30 10 46 82 31 16 85 17 44 12 98 80 60 21 83 35 43 49 20 36 67 65 94 97 99 61 54 41 56 62 0 23 45 22 58 84 64 40 96 5 8 92 90 81 89 7 78 18 50 1 52 87 38
TEST 2 ARG:41 18 46 30 85 6 97 20 16 84 63 4 15 65 58 53 72 87 12 19 2 83 77 92 7 57 54 94 88 10 24 8 73 89 80 61 60 56 47 44 3 34 31 13 59 42 67 76 64 99 11 71 70 38 28 17 0 23 81 48 1 90 69 91 82 5 49 45 40 78 22 50 62 98 25 55 93 66 35 14 33 68 51 95 36 37 74 43 21 79 27 86 96 75 39 9 26 32 29 52
TEST 3 ARG:66 90 59 67 85 43 30 56 95 1 69 57 87 9 62 52 13 82 32 5 0 88 40 38 15 20 35 81 47 63 55 14 71 96 41 44 68 79 89 54 73 36 39 7 31 24 11 86 50 23 72 4 3 6 27 21 92 19 70 91 28 17 84 45 33 2 80 98 12 77 26 29 16 10 99 61 42 78 60 22 75 34 25 58 93 74 76 65 51 46 48 97 49 64 94 37 18 53 8 83
TEST 4 ARG:84 55 7 29 10 30 96 88 94 82 34 33 62 12 71 5 3 76 41 87 18 0 81 11 90 85 77 23 54 99 45 92 21 46 83 98 14 67 27 51 60 20 64 74 26 48 47 24 57 72 1 56 35 65 93 50 86 25 69 38 89 66 39 17 4 40 79 28 58 63 75 37 49 9 59 6 95 78 8 53 52 61 80 44 73 2 68 31 36 15 13 42 97 91 16 43 19 32 22 70
TEST 5 ARG:47 8 21 46 36 25 91 62 82 32 92 90 68 99 48 35 57 59 34 54 4 87 24 5 23 97 2 85 18 74 44 12 15 30 61 98 70 0 28 89 88 39 60 31 7 19 50 38 6 75 94 42 3 86 67 29 53 93 17 73 80 71 58 52 79 95 1 10 96 41 72 20 63 43 56 77 69 37 66 51 13 76 9 84 49 55 26 27 11 81 33 64 78 65 40 45 83 22 16 14
TEST 6 ARG:97 70 79 60 99 38 57 21 16 95 4 48 50 47 37 9 98 91 49 30 28 35 8 40 62 14 6 84 82 75 90 67 59 19 7 32 64 77 24 33 42 2 46 69 22 81 73 25 0 78 63 94 54 55 1 87 72 96 66 41 44 74 86 23 13 10 5 27 83 26 61 89 56 31 92 36 58 93 20 68 85 39 45 80 71 43 34 17 18 65 51 88 53 11 3 29 15 12 52 76
TEST 7 ARG:43 32 68 63 11 89 40 39 24 83 5 25 81 96 0 88 65 12 99 75 14 35 42 27 45 66 69 85 93 54 92 67 77 47 44 74 70 49 6 26 62 98 80 20 71 15 34 97 60 76 51 90 33 16 36 91 56 2 21 7 38 95 84 52 73 23 94 87 37 86 72 48 8 78 64 18 4 19 57 82 13 22 28 50 41 17 9 61 79 59 30 3 10 29 46 1 58 53 31 55
TEST 8 ARG:18 94 99 92 39 24 5 23 71 40 50 20 49 15 68 30 55 14 9 91 80 11 82 86 1 28 89 48 69 72 90 32 93 56 12 76 98 65 59 3 85 36 29 17 33 35 38 73 22 52 6 10 61 64 83 43 54 25 34 16 78 46 75 74 21 53 67 31 19 44 66 42 62 95 77 88 51 81 97 8 79 60 87 41 13 26 7 4 84 63 58 0 37 45 2 96 47 27 57 70
TEST 9 ARG:14 64 47 19 67 1 40 17 57 0 33 48 52 10 38 45 21 27 94 8 24 58 6 34 12 5 86 2 84 93 81 87 97 18 15 99 35 36 62 83 31 80 44 60 20 98 82 4 66 13 96 91 71 68 26 76 89 56 65 29 54 23 73 16 22 37 9 63 49 75 25 85 51 69 95 41 61 7 55 79 43 50 30 28 88 70 78 90 53 11 77 74 92 39 3 59 72 42 46 32
TEST 10 ARG:89 28 92 45 16 54 29 34 2 43 77 5 65 79 61 87 73 78 70 20 75 88 99 80 91 74 63 64 11 42 17 3 36 52 68 14 48 4 30 62 81 50 32 93 13 0 21 71 49 66 37 82 9 86 19 38 58 41 56 15 7 72 55 31 85 27 97 1 76 67 33 22 57 18 39 60 94 90 25 69 96 6 98 8 95 12 24 44 59 10 35 40 26 51 53 23 47 46 84 83
TEST 11 ARG:84 88 56 78 62 7 32 65 82 13 95 50 38 96 87 11 21 39 34 99 5 29 2 9 92 18 22 3 12 41 85 73 54 17 64 71 23 55 42 46 61 79 36 4 15 19 31 52 60 49 63 35 93 43 0 40 91 30 53 37 80 6 89 75 20 74 8 14 57 10 26 90 94 70 83 76 47 69 48 59 51 66 97 25 86 67 1 44 27 33 45 77 98 68 72 58 81 24 16 28
TEST 12 ARG:38 7 92 79 45 21 89 94 14 22 76 33 65 39 81 26 8 24 25 0 98 9 58 15 51 85 70 41 67 27 17 83 57 4 12 75 37 5 93 96 48 40 2 34 63 35 10 69 43 90 88 59 36 11 30 71 56 28 19 68 91 74 16 52 54 31 60 78 99 50 13 61 95 3 18 72 80 1 44 46 20 97 73 62 6 66 86 82 47 84 53 87 64 29 32 23 42 55 77 49
TEST 13 ARG:23 90 53 98 50 71 12 47 75 44 0 8 86 95 67 52 1 56 13 65 76 80 58 55 87 62 20 15 31 85 39 89 97 94 66 96 99 11 17 78 26 35 6 9 88 59 29 45 83 92 49 43 19 18 36 91 79 40 33 2 73 57 5 51 48 25 42 68 21 34 7 14 37 4 3 61 24 93 74 64 41 70 27 60 84 81 69 16 54 30 32 82 28 22 46 72 38 10 77 63
TEST 14 ARG:37 42 8 3 92 33 61 39 65 89 88 12 66 80 2 96 47 21 13 55 7 31 50 69 53 15 26 75 51 54 48 29 45 67 70 74 79 90 60 93 57 18 62 17 77 81 95 64 98 49 4 22 20 6 56 84 40 25 97 35 43 78 58 36 85 11 91 38 23 24 94 44 27 59 76 83 32 46 82 34 9 1 73 72 0 52 30 14 63 10 19 16 71 41 5 68 87 99 86 28
TEST 15 ARG:4 53 75 1 55 43 84 81 73 67 6 17 56 19 77 44 49 10 86 93 61 28 15 82 54 31 72 69 34 52 50 66 80 29 79 96 5 47 21 16 26 91 85 18 35 70 9 46 33 40 68 22 99 39 27 42 65 32 97 20 7 60 64 13 83 3 98 12 38 36 30 37 90 76 58 59 95 89 23 94 14 8 11 88 78 62 41 45 51 25 92 0 63 48 24 71 57 87 74 2
TEST 16 ARG:39 98 13 66 1 16 69 84 55 94 93 27 56 67 99 79 52 5 4 47 83 87 64 48 0 78 72 36 49 3 45 10 40 14 75 54 20 46 85 97 60 42 24 91 35 73 28 96 21 81 74 38 76 71 44 92 25 33 51 19 22 95 30 88 9 77 18 70 2 23 86 63 8 29 82 37 41 12 50 17 59 57 15 65 31 43 61 68 58 26 11 6 53 34 7 32 89 62 90 80
TEST 17 ARG:33 17 75 20 35 91 2 31 66 32 7 84 40 92 68 71 34 88 99 46 43 38 74 53 94 26 22 97 14 85 12 80 95 67 58 57 10 65 41 87 64 8 73 90 47 76 13 25 72 79 21 96 83 24 37 54 5 55 36 27 98 30 29 63 39 70 3 1 60 69 59 56 11 52 93 89 42 77 78 15 51 61 6 49 62 16 9 82 81 44 86 50 45 48 28 18 0 4 23 19
TEST 18 ARG:63 41 87 31 32 61 54 34 89 4 35 58 5 14 86 56 93 60 78 53 47 25 36 50 22 55 18 59 16 83 91 10 11 81 69 95 29 12 82 85 15 6 80 48 97 7 49 72 3 98 30 66 13 94 65 8 46 33 43 20 23 28 64 38 84 0 26 9 96 52 17 76 42 24 40 74 92 45 79 57 90 39 2 27 62 75 77 44 88 70 71 37 99 19 68 51 21 67 1 73
TEST 19 ARG:86 95 3 13 56 96 17 8 84 23 77 78 70 57 62 83 45 71 48 59 63 39 2 7 4 94 90 80 31 50 9 99 53 87 16 42 97 81 35 1 36 74 76 22 40 12 52 65 72 51 61 58 21 37 73 54 64 82 14 11 26 67 27 0 5 20 60 41 44 92 46 93 29 24 38 85 32 66 91 28 18 30 69 55 19 49 88 79 25 89 15 33 10 47 6 98 43 75 34 68
TEST 20 ARG:80 55 52 28 57 1 24 37 35 79 95 47 23 14 10 29 20 63 92 77 48 43 6 9 18 22 94 39 91 58 54 27 5 96 62 7 85 19 0 65 56 82 59 86 4 68 90 60 66 89 17 97 53 49 84 11 61 81 42 93 2 50 99 41 83 64 21 8 74 69 3 51 76 44 70 34 45 31 26 87 30 38 15 78 88 16 72 40 67 33 13 36 75 98 25 71 12 73 46 32
TEST 21 ARG:9 69 28 53 97 67 87 4 95 18 14 10 85 23 31 45 55 91 64 11 81 96 46 16 75 32 70 40 38 36 90 94 88 82 25 92 78 42 8 80 61 77 27 99 93 68 26 84 47 15 52 35 6 50 58 54 29 7 44 21 48 56 49 1 41 13 76 89 3 71 5 62 98 12 34 59 30 65 79 72 63 2 51 73 83 17 20 39 0 19 66 33 86 57 24 22 74 60 43 37
TEST 22 ARG:66 55 43 51 98 12 38 41 7 92 49 36 64 53 39 35 23 26 91 17 76 27 75 80 15 32 3 19 18 89 93 33 9 52 83 61 24 37 46 2 68 20 87 13 67 30 14 85 42 11 84 25 1 77 86 50 48 40 21 34 74 94 65 90 47 58 31 97 63 57 81 4 71 99 78 96 54 88 73 82 60 44 72 22 6 79 56 5 45 62 29 95 59 69 28 16 8 10 0 70
TEST 23 ARG:31 33 19 22 37 43 88 27 4 23 70 58 84 77 74 15 64 98 29 95 30 0 2 42 7 94 40 16 99 90 3 25 49 41 96 53 55 14 71 52 82 68 85 39 91 24 34 9 1 46 48 78 5 47 54 79 45 87 51 62 44 73 89 11 92 18 61 97 59 6 21 13 32 12 28 81 69 17 66 76 93 10 57 8 60 86 26 80 35 36 50 20 72 63 75 56 83 67 65 38
TEST 24 ARG:96 29 98 58 12 28 10 48 52 77 27 2 75 97 24 99 26 37 42 8 83 60 92 9 88 57 40 74 15 47 46 20 36 43 25 21 78 23 22 67 13 89 55 71 86 44 64 5 90 85 38 0 82 49 73 45 30 4 66 34 94 18 65 56 59 51 79 33 68 32 76 11 6 87 39 84 81 3 63 95 61 1 16 41 69 70 19 62 17 14 54 50 72 91 31 53 93 35 80 7
TEST 25 ARG:79 30 39 66 92 67 69 57 7 14 47 19 84 16 60 32 15 94 12 72 48 13 35 63 70 45 78 56 20 29 82 80 68 40 65 64 50 62 46 37 95 53 88 38 49 59 33 54 61 0 28 93 81 6 31 58 24 85 83 73 18 74 90 21 36 41 97 42 98 44 77 2 43 3 4 27 89 55 17 9 91 26 99 51 71 25 34 22 76 5 8 75 87 1 11 96 86 52 10 23
TEST 26 ARG:90 96 3 1 8 46 95 75 98 64 32 4 7 36 72 91 50 24 94 55 0 38 42 16 5 97 43 26 83 87 39 17 6 86 2 23 53 28 21 30 54 48 51 63 66 84 44 69 14 20 11 27 19 93 37 29 34 74 76 78 81 9 71 10 79 58 22 85 80 65 25 61 13 88 60 35 73 18 47 99 62 89 40 12 45 59 49 77 70 92 41 68 56 67 15 57 52 31 33 82
TEST 27 ARG:83 12 1 33 18 77 64 67 91 48 22 81 7 47 34 5 55 97 37 45 42 80 32 8 6 92 53 11 38 28 39 78 72 87 59 27 24 20 23 84 96 95 41 69 90 31 61 44 15 17 49 2 62 13 51 19 43 79 71 56 98 66 40 3 29 74 0 54 50 9 60 99 93 76 58 88 52 4 46 21 70 82 89 65 16 36 86 26 73 14 94 25 57 63 75 30 35 85 10 68
TEST 28 ARG:4 21 96 41 86 87 6 20 62 18 92 84 28 19 35 89 7 56 74 90 95 75 15 67 2 83 24 14 60 55 80 33 59 40 99 11 3 54 30 29 65 45 0 58 76 25 5 26 8 61 79 27 82 77 17 49 1 32 44 43 57 68 93 78 64 50 81 63 71 85 23 52 70 36 53 39 69 42 9 91 47 22 66 88 31 73 97 37 13 10 48 16 12 51 38 72 46 34 94 98
TEST 29 ARG:55 75 69 46 83 96 65 9 74 8 44 53 67 45 89 56 81 62 25 71 31 97 6 40 86 95 19 64 23 63 35 59 68 1 28 76 14 34 30 79 51 33 85 73 20 54 94 80 4 87 91 48 88 78 90 66 16 10 27 0 99 58 5 92 49 41 22 42 70 11 37 39 36 15 21 84 52 2 93 12 18 60 13 29 3 72 82 50 38 17 26 32 43 47 98 61 77 7 24 57
TEST 30 ARG:68 21 99 55 28 1 70 24 40 36 79 72 7 46 42 0 74 17 51 63 34 95 94 4 39 16 15 56 31 25 59 9 65 91 81 47 6 38 33 43 97 66 32 87 93 83 53 29 73 96 37 2 54 45 22 5 90 62 61 20 57 60 13 23 58 77 30 48 69 18 88 82 92 67 52 50 89 26 64 80 10 27 41 11 8 35 98 75 86 76 85 19 84 3 12 44 49 14 71 78
TEST 31 ARG:27 93 10 65 45 22 32 97 20 84 74 60 61 81 29 77 25 4 56 68 85 63 55 28 87 79 96 48 8 80 31 39 43 36 52 34 11 53 9 50 1 94 69 30 16 0 91 2 24 35 51 12 75 15 58 99 78 38 95 40 64 23 83 89 21 41 73 47 42 6 49 62 18 33 46 3 37 59 5 7 17 72 44 67 66 98 82 90 88 71 76 70 92 86 19 13 26 54 14 57
TEST 32 ARG:35 8 89 69 58 62 26 30 22 5 75 78 88 66 25 55 90 0 37 11 47 95 38 86 63 45 48 10 98 4 92 21 46 65 6 85 67 9 70 28 33 49 52 84 71 51 94 1 39 79 19 50 83 76 73 61 2 57 42 27 81 64 97 16 74 31 82 54 18 72 20 59 15 93 68 23 24 41 60 91 44 87 40 3 14 43 7 36 32 12 34 99 96 13 77 17 53 56 29 80
TEST 33 ARG:53 89 10 13 25 22 38 35 46 81 86 41 99 30 97 85 68 88 45 71 32 34 21 26 58 66 6 83 43 55 92 16 75 15 61 63 28 3 33 29 74 70 14 73 47 4 59 7 39 84 51 0 20 49 72 62 82 96 36 87 11 91 8 27 17 31 56 64 67 1 78 42 57 90 50 5 23 93 48 65 18 44 95 24 37 40 2 80 79 60 94 19 76 54 77 12 69 98 9 52
TEST 34 ARG:20 63 88 61 23 19 42 55 94 18 68 38 56 33 30 45 62 6 53 29 80 60 11 47 66 91 59 31 37 44 41 74 32 89 3 79 8 51 12 54 26 21 2 95 64 84 14 83 77 81 92 98 82 52 35 72 4 75 24 85 39 34 46 65 48 50 16 90 93 78 87 10 49 28 7 40 96 69 57 58 99 70 73 22 5 17 0 1 97 27 86 13 15 36 67 76 71 43 25 9
TEST 35 ARG:69 7 93 30 13 55 44 65 95 74 75 94 51 68 87 19 36 84 10 89 42 15 58 34 35 49 81 31 85 60 76 62 20 29 4 16 59 22 5 3 8 67 82 91 99 39 52 25 79 80 23 18 78 88 32 73 63 41 96 45 56 28 47 48 0 77 66 26 53 98 64 46 40 54 83 6 43 9 2 71 37 17 50 12 57 97 24 21 86 33 38 72 14 61 1 90 70 27 92 11
TEST 36 ARG:92 72 88 57 98 0 25 27 22 40 69 52 45 13 73 24 74 78 58 64 77 55 10 82 60 94 97 16 90 43 93 41 54 91 61 53 32 12 11 56 84 68 9 79 95 34 70 3 1 51 37 76 87 4 39 59 29 14 23 86 35 83 67 30 17 36 89 48 19 26 49 18 15 6 21 66 85 38 42 63 20 33 65 80 8 50 44 5 31 96 46 62 28 75 81 99 2 71 47 7
TEST 37 ARG:56 2 89 65 64 69 68 80 15 66 91 97 71 6 38 14 75 52 43 92 32 34 73 54 33 40 99 82 51 30 78 86 25 83 20 84 63 35 37 57 24 50 41 70 22 62 9 45 88 48 44 98 1 58 26 85 11 5 0 42 49 55 7 79 96 87 19 90 16 28 10 74 47 4 53 36 21 61 76 94 95 23 3 8 13 72 12 18 39 60 81 59 77 93 31 46 27 67 29 17
TEST 38 ARG:63 44 82 47 88 20 24 40 13 10 6 14 26 94 12 97 53 81 95 7 84 32 30 27 90 57 42 45 61 25 15 11 28 41 34 16 58 85 62 56 64 2 46 76 75 38 4 49 36 98 78 70 17 67 71 50 51 23 39 55 96 19 74 21 66 37 9 33 18 77 65 35 52 43 60 69 99 83 54 8 92 31 59 3 93 80 79 73 89 5 91 72 68 48 1 22 87 29 0 86
TEST 39 ARG:78 2 81 94 90 24 82 52 36 8 99 91 10 79 68 60 29 19 38 64 43 85 34 62 88 80 21 65 57 89 16 67 50 72 63 32 98 73 44 15 20 53 18 5 69 0 54 86 83 55 26 46 41 48 3 84 39 76 22 51 13 74 6 92 71 25 27 75 7 1 61 47 33 4 97 14 40 49 12 93 30 56 35 42 45 59 95 23 87 9 28 31 11 66 17 58 96 77 70 37
TEST 40 ARG:77 37 62 71 17 95 7 30 45 66 44 25 82 63 60 14 36 98 97 91 56 9 28 26 42 11 2 72 78 96 74 1 47 50 19 94 54 73 5 92 79 58 65 46 81 35 0 15 69 31 90 41 84 53 20 89 59 88 57 16 86 61 68 3 87 24 27 55 34 12 4 33 43 85 22 48 40 52 38 51 75 13 64 80 29 99 67 49 83 8 32 6 18 93 70 23 39 76 10 21
TEST 41 ARG:0 49 3 53 74 19 58 97 55 75 70 92 14 37 87 48 5 66 62 1 84 69 82 38 99 21 26 15 11 27 71 96 52 86 68 44 22 77 10 31 30 78 56 2 73 93 16 40 81 32 51 41 60 18 90 46 23 91 76 36 61 64 95 13 28 33 8 45 9 39 7 43 54 17 94 34 59 72 83 12 85 25 80 4 29 67 98 50 79 20 57 88 63 35 47 89 6 42 24 65
TEST 42 ARG:36 6 71 46 5 27 25 81 40 73 92 80 90 7 50 45 38 49 62 32 16 34 17 88 30 29 44 58 52 89 87 86 85 96 48 97 42 24 10 68 51 53 4 63 69 31 35 0 72 37 21 64 60 93 76 75 61 2 18 41 28 15 20 19 98 43 77 9 8 99 11 82 65 23 95 13 54 33 59 12 78 56 1 39 70 57 22 55 26 67 79 66 3 84 74 83 91 47 14 94
TEST 43 ARG:73 28 83 79 65 99 91 36 24 41 85 33 42 93 29 61 97 18 51 96 44 67 84 14 0 39 58 34 55 56 13 10 4 47 90 2 59 35 69 94 26 71 68 22 64 54 80 19 89 77 43 12 45 62 95 50 38 82 92 30 40 78 15 81 72 7 49 48 74 66 87 37 63 6 1 20 8 3 75 70 46 32 53 52 17 31 5 88 25 9 27 16 57 86 76 23 98 60 11 21
TEST 44 ARG:56 45 41 87 57 54 51 13 40 65 20 97 8 50 86 91 77 9 73 72 52 2 68 19 24 0 94 11 16 27 14 99 98 60 5 18 49 92 66 34 23 25 80 38 89 29 83 78 95 70 28 76 39 62 82 4 48 30 21 55 75 90 10 84 36 7 26 59 37 31 53 35 67 85 44 32 69 71 15 42 1 6 47 79 96 17 58 81 63 88 64 93 43 74 3 22 46 61 33 12
TEST 45 ARG:21 12 25 14 60 86 74 75 99 9 87 82 62 89 17 52 8 61 56 30 57 24 78 84 64 76 91 32 2 98 97 70 95 68 34 81 45 92 72 51 26 71 36 19 49 35 29 31 4 10 37 1 5 0 59 54 20 15 90 41 46 88 11 13 53 79 47 6 66 7 83 43 80 16 40 65 39 22 69 27 33 73 67 3 96 94 55 23 50 77 63 42 48 85 58 38 44 93 18 28
TEST 46 ARG:22 96 52 45 53 23 12 62 91 56 35 28 99 63 78 43 58 36 41 32 81 49 97 19 20 94 48 98 6 0 11 50 79 7 31 34 8 69 14 42 83 1 21 51 30 4 18 3 16 76 38 46 40 85 26 54 29 57 80 44 71 13 89 33 68 75 10 66 2 88 73 5 47 92 37 87 72 61 77 17 55 74 60 84 95 64 9 82 90 59 93 67 39 25 15 70 27 65 86 24
TEST 47 ARG:50 58 7 62 83 9 88 52 77 86 67 57 74 6 75 15 16 1 11 55 46 54 33 79 17 32 97 53 92 4 10 13 94 24 87 36 99 48 70 71 2 26 72 60 21 35 41 80 65 93 40 89 25 44 91 69 43 49 68 23 61 45 76 34 0 12 37 64 56 51 20 39 63 84 30 38 19 82 85 18 8 96 5 90 73 98 14 66 42 29 3 59 78 81 47 31 22 95 28 27
TEST 48 ARG:93 59 72 0 60 22 58 84 77 61 99 47 71 23 7 85 21 18 39 10 33 41 36 37 62 67 81 44 69 92 80 32 43 35 46 89 87 14 74 94 68 16 73 19 45 95 40 56 27 13 82 24 38 79 90 4 66 86 96 52 6 15 57 30 75 98 17 91 3 48 53 78 63 88 42 83 11 5 65 49 54 26 20 9 70 76 8 31 50 34 12 51 64 25 2 55 97 29 28 1
TEST 49 ARG:56 23 9 82 91 76 5 73 0 15 42 75 24 22 3 27 77 68 46 53 19 90 7 44 78 14 74 97 49 12 16 30 33 28 88 10 96 86 85 1 79 72 89 31 67 80 94 65 50 21 43 13 41 47 29 4 40 54 98 81 36 37 20 83 71 8 51 84 25 38 2 18 64 61 93 52 11 34 66 87 17 45 92 39 35 70 62 48 95 55 59 69 99 60 32 26 57 58 63 6
TEST 50 ARG:68 17 88 65 70 0 33 2 80 19 51 69 71 22 59 12 25 6 87 99 5 3 57 8 29 31 77 39 82 79 38 75 44 41 36 20 27 98 91 94 62 97 4 37 43 45 52 35 73 72 89 85 50 46 14 9 81 74 53 47 26 40 55 78 60 63 56 95 64 30 1 18 28 58 66 32 13 48 7 15 61 67 42 21 92 34 23 24 96 93 16 11 76 83 90 86 84 10 54 49
TEST 51 ARG:86 31 78 5 6 1 94 57 73 59 44 47 8 21 60 29 98 99 62 80 67 72 96 27 83 15 32 90 81 82 22 84 42 23 16 55 52 10 30 89 20 61 45 24 76 56 79 75 35 88 46 43 3 34 11 63 13 9 69 74 87 54 33 64 19 39 53 58 26 93 36 48 4 17 71 18 7 37 38 28 49 97 70 65 92 14 66 95 12 51 50 40 2 0 77 85 68 25 91 41
TEST 52 ARG:34 79 89 19 77 54 37 69 6 85 63 50 51 82 39 43 17 48 57 44 26 78 38 25 60 98 40 23 83 15 28 75 24 61 18 20 30 1 46 68 92 81 5 8 88 33 65 9 31 53 7 41 2 29 59 45 67 56 14 73 80 74 94 55 0 86 27 52 71 10 47 62 90 72 99 49 95 12 21 42 66 35 58 76 32 3 84 36 16 11 87 97 4 93 91 70 64 13 22 96
TEST 53 ARG:39 92 43 36 53 5 71 50 15 3 17 35 41 40 19 21 24 26 12 18 87 11 27 29 66 32 96 63 8 78 34 85 74 1 57 46 90 16 62 80 98 59 10 22 82 67 28 37 4 25 7 2 58 44 48 79 9 88 51 56 38 97 72 42 54 6 99 31 14 33 69 81 73 84 60 89 13 49 75 77 95 52 93 20 61 64 47 83 45 30 55 68 23 70 76 65 91 0 94 86
TEST 54 ARG:54 61 70 47 36 86 92 20 28 81 40 31 59 52 60 0 55 41 5 35 10 50 51 6 66 46 63 53 95 3 48 1 90 38 89 77 34 43 14 80 21 45 44 93 88 82 19 71 91 24 13 72 83 12 56 29 11 65 30 39 27 23 84 25 4 69 78 22 7 15 76 99 94 26 98 58 57 49 37 16 67 18 8 32 79 85 2 42 68 74 96 97 17 62 87 33 9 75 64 73
TEST 55 ARG:45 34 59 96 47 22 0 8 24 9 83 67 89 70 86 95 16 27 40 91 50 87 60 58 25 5 33 77 49 80 74 31 72 23 51 78 97 36 13 6 92 62 55 93 81 75 64 14 19 2 63 1 41 68 52 84 35 99 44 21 4 94 17 7 30 76 54 79 66 48 39 90 11 29 12 61 43 15 85 56 37 53 3 88 46 69 42 18 57 38 32 28 82 10 26 65 20 98 71 73
TEST 56 ARG:48 63 89 1 90 82 0 28 70 62 73 19 93 64 29 85 6 81 72 15 8 58 9 30 10 31 92 40 22 26 87 20 54 14 57 2 37 12 17 50 59 45 47 71 3 76 60 96 79 83 16 38 41 18 99 11 27 84 36 56 5 80 33 97 66 25 91 75 74 39 7 49 53 68 55 23 24 42 69 65 32 21 34 52 13 35 51 78 95 44 67 86 98 61 4 88 94 77 46 43
TEST 57 ARG:64 45 68 83 9 23 78 40 48 27 26 32 74 1 38 58 54 0 98 41 88 46 14 18 12 20 97 71 96 49 82 76 13 16 85 19 34 44 65 50 87 36 31 4 86 94 21 89 37 47 30 63 67 80 52 91 7 60 84 22 57 29 69 56 92 43 15 70 95 42 33 6 61 28 39 62 5 2 90 73 17 81 35 10 59 11 25 55 8 53 72 66 75 3 77 24 79 93 99 51
TEST 58 ARG:17 43 49 88 19 27 54 29 86 92 91 2 62 3 75 61 8 98 12 7 89 13 33 23 95 24 18 31 56 99 16 40 80 57 63 87 48 38 84 1 70 78 52 26 77 44 93 15 42 39 11 83 71 0 79 53 25 90 94 74 66 81 20 47 14 41 36 45 37 59 82 72 96 22 76 34 85 28 46 4 64 55 35 5 60 32 51 73 6 58 21 9 68 65 30 10 50 69 67 97
TEST 59 ARG:79 0 55 83 41 62 9 23 81 91 1 44 11 21 97 85 94 90 43 38 3 4 6 60 2 28 7 70 35 72 93 87 49 63 75 57 12 14 78 19 50 51 20 22 67 30 96 77 48 24 26 13 82 59 99 10 80 42 88 54 73 52 69 27 71 33 32 89 37 86 92 5 15 16 84 47 34 95 64 65 58 31 8 36 29 39 98 45 46 18 17 53 68 40 66 56 25 74 76 61
TEST 60 ARG:90 50 2 94 30 87 4 81 11 24 3 66 85 32 64 98 86 78 67 91 26 42 27 35 58 63 20 29 84 99 13 17 56 37 18 19 54 36 9 68 65 55 52 77 43 88 92 83 40 33 75 0 10 93 47 82 76 15 34 14 5 51 44 97 31 71 73 74 61 62 6 7 39 8 80 16 70 53 69 23 95 48 45 96 59 72 1 22 60 21 28 46 49 57 41 25 12 89 38 79
TEST 61 ARG:67 11 30 23 27 73 1 40 9 49 32 75 19 4 10 77 14 85 81 33 57 45 69 16 39 71 62 24 94 95 56 72 61 68 53 64 63 0 37 87 42 58 98 60 50 41 86 65 31 17 7 8 38 92 34 51 43 35 84 13 59 99 46 88 20 28 54 21 26 91 55 48 36 12 44 66 52 90 74 82 97 3 18 2 25 89 6 47 70 83 22 80 15 5 93 79 29 96 78 76
TEST 62 ARG:83 72 14 10 77 42 59 65 25 28 61 35 41 74 87 64 48 62 97 73 52 60 4 69 76 12 20 70 27 79 24 16 78 82 13 22 40 84 57 15 34 66 37 86 46 0 23 88 63 11 55 67 93 33 85 3 26 89 96 90 80 56 95 43 19 44 94 98 9 21 99 2 45 5 36 30 38 31 17 71 1 51 6 8 68 75 91 39 7 49 29 18 53 58 92 32 47 50 81 54
TEST 63 ARG:12 22 78 3 61 14 27 35 32 24 79 56 65 98 31 63 2 34 83 19 90 62 84 53 0 97 20 7 86 92 43 99 39 59 52 33 64 48 47 26 23 51 68 16 94 95 50 28 89 4 6 71 93 96 73 42 57 82 15 44 40 1 85 55 17 5 72 45 91 18 37 30 76 49 70 66 58 46 41 69 75 11 80 25 60 81 77 8 10 67 88 9 38 13 54 74 29 87 36 21
TEST 64 ARG:70 17 68 86 1 16 87 4 48 89 30 50 6 57 28 23 67 65 32 61 74 58 99 13 85 60 52 62 84 51 27 42 0 90 69 54 55 44 35 88 2 41 29 81 19 25 33 37 10 95 91 71 7 47 26 76 97 82 79 14 20 96 45 93 94 49 36 46 34 63 75 24 77 31 18 83 5 15 56 92 21 11 38 43 72 9 8 40 3 53 22 78 80 12 73 64 66 59 39 98
TEST 65 ARG:97 32 37 74 88 1 75 12 87 67 84 0 11 78 77 33 57 53 51 15 39 94 7 6 54 31 21 36 95 56 50 28 73 47 14 40 35 22 5 45 3 60 24 66 8 99 72 98 42 38 29 71 13 76 17 80 61 25 34 64 82 10 52 55 4 68 43 58 23 70 26 16 91 93 9 27 41 19 86 92 62 89 69 20 59 49 30 81 79 48 65 85 96 90 44 83 2 18 63 46
TEST 66 ARG:64 59 69 60 75 67 24 31 99 40 92 42 71 94 49 72 76 34 23 39 22 7 38 13 78 46 83 44 8 20 74 25 61 33 17 90 1 50 51 32 79 27 3 80 93 14 57 54 43 91 30 2 97 9 0 56 52 62 47 41 21 45 85 16 65 70 15 48 95 26 35 18 77 89 66 84 86 98 5 68 4 37 53 29 82 88 28 81 36 6 73 96 12 11 58 63 19 55 87 10
TEST 67 ARG:54 52 95 28 29 97 76 78 13 58 26 63 91 89 57 31 43 2 8 39 38 47 30 77 93 37 14 90 81 3 75 96 23 10 18 73 24 92 94 99 86 82 60 1 21 72 48 22 4 80 55 79 11 84 6 35 34 69 5 27 44 67 40 59 32 9 12 85 17 41 66 42 64 70 50 45 65 53 15 36 56 98 16 20 7 33 49 83 46 71 61 51 0 68 25 74 62 19 88 87
TEST 68 ARG:79 57 24 91 60 61 31 44 5 34 25 1 39 85 98 88 81 19 12 80 68 65 14 45 73 83 29 64 77 93 52 51 37 40 96 50 78 33 76 84 2 38 35 99 26 49 48 97 22 18 7 20 27 36 75 11 47 71 58 56 62 17 4 10 66 94 41 63 86 8 30 69 74 82 3 0 53 32 87 72 43 46 55 70 42 54 9 90 28 15 59 67 6 89 92 13 21 23 95 16
TEST 69 ARG:29 10 18 8 68 60 0 67 47 7 86 20 62 5 45 42 65 52 90 91 11 57 76 50 1 24 77 4 28 23 3 85 44 94 9 22 55 40 38 71 92 14 64 27 54 80 53 63 83 32 30 16 19 26 41 89 96 36 98 87 15 34 39 84 70 69 75 97 73 48 81 61 56 17 95 58 2 49 46 37 59 21 51 43 82 79 13 72 74 99 93 88 31 6 12 66 35 25 78 33
TEST 70 ARG:45 53 29 1 12 63 23 3 77 76 16 84 86 34 32 52 94 17 74 50 67 44 62 91 41 49 2 97 43 19 8 36 7 14 46 81 9 27 28 56 39 73 88 18 95 80 92 82 98 47 65 64 6 42 54 24 99 35 85 11 75 71 38 21 79 68 72 78 37 48 57 0 4 20 33 26 55 15 83 90 5 66 87 10 93 61 60 51 59 31 70 58 89 96 25 13 40 30 22 69
TEST 71 ARG:0 25 60 4 35 93 37 57 17 29 9 47 55 50 19 92 3 5 97 30 91 39 44 12 40 68 48 26 2 11 42 82 21 84 80 34 13 96 71 27 51 87 85 52 23 46 81 61 59 65 77 49 16 76 66 94 38 98 79 24 10 62 75 32 6 18 78 73 90 95 45 58 70 69 72 36 8 53 1 20 7 33 41 89 54 67 28 86 56 43 99 14 83 88 15 63 22 64 31 74
TEST 72 ARG:27 98 59 19 28 31 13 71 51 5 40 41 2 87 15 88 17 61 10 21 91 72 57 6 89 39 4 1 0 80 48 99 78 79 50 12 30 42 74 70 56 67 36 76 73 47 20 14 44 93 69 64 23 52 35 62 7 53 32 82 95 11 33 84 66 86 16 97 46 75 45 38 37 9 29 18 77 63 60 81 3 55 22 92 54 43 94 25 90 85 65 24 8 83 58 34 68 96 49 26
TEST 73 ARG:58 98 30 85 29 36 77 26 37 46 18 24 66 32 89 41 49 28 63 83 31 82 50 75 65 16 59 1 51 84 38 0 99 40 92 13 43 6 9 52 57 60 33 39 90 87 17 71 61 80 86 20 93 81 76 56 69 12 64 68 54 10 97 7 55 62 94 88 35 70 14 15 74 34 25 79 2 4 47 27 42 95 22 5 11 21 96 8 73 3 78 72 19 91 53 48 44 23 45 67
TEST 74 ARG:7 45 62 44 48 56 98 52 96 69 23 8 99 0 54 25 78 28 66 65 77 37 58 55 67 70 24 92 95 5 43 68 3 2 72 20 27 97 30 19 53 89 13 84 49 64 10 80 87 4 39 51 76 85 50 38 75 26 6 41 47 90 71 31 82 91 15 12 59 74 94 93 40 18 60 57 83 73 42 61 9 88 79 16 14 29 35 11 32 1 21 81 36 34 33 46 17 63 86 22
TEST 75 ARG:40 2 64 72 54 36 27 34 61 1 75 89 91 18 16 32 15 62 71 80 47 39 99 53 88 98 49 79 69 44 3 58 85 46 51 43 78 22 8 42 81 11 82 50 7 84 12 45 48 21 65 30 23 35 55 13 95 73 66 5 26 0 76 87 6 28 93 60 24 96 86 59 52 41 83 33 14 74 77 38 70 20 67 9 10 68 90 57 92 17 94 29 37 63 4 56 31 19 25 97
TEST 76 ARG:25 79 43 81 62 89 57 39 82 33 50 56 46 22 58 73 71 16 11 9 44 0 87 49 76 47 75 67 3 68 4 80 86 17 70 27 41 55 45 29 65 83 78 18 14 95 20 13 99 72 15 52 91 1 61 28 21 98 59 69 24 54 92 2 53 88 30 51 84 74 12 36 94 90 6 10 37 34 31 8 7 5 38 93 64 42 96 26 35 97 77 48 60 63 66 19 23 32 40 85
TEST 77 ARG:50 23 77 38 59 79 46 41 74 26 6 55 33 20 82 98 5 85 8 15 18 89 70 65 56 52 28 67 63 58 13 36 29 93 25 27 60 17 99 53 7 48 1 19 21 94 4 91 24 72 97 75 49 10 73 86 47 0 43 71 66 34 81 16 51 87 84 68 9 61 64 76 90 3 11 62 96 69 54 2 32 31 12 78 37 44 14 83 30 42 88 45 57 22 92 80 39 95 40 35
TEST 78 ARG:70 49 86 24 62 41 60 6 97 40 10 33 98 83 1 46 12 27 54 93 11 96 31 47 18 84 20 38 9 28 64 71 4 63 69 85 23 7 65 95 37 77 39 81 44 78 58 59 55 17 16 90 36 13 43 66 51 34 80 14 5 52 22 72 92 89 19 8 25 15 87 3 35 61 29 91 57 45 75 0 30 73 53 42 74 67 94 88 99 82 48 68 2 79 21 26 56 76 50 32
TEST 79 ARG:34 21 22 61 93 40 11 63 28 88 94 14 15 36 92 24 84 47 83 85 31 48 20 10 77 53 74 87 78 72 64 90 35 6 91 96 60 46 25 43 73 37 57 13 55 76 71 3 79 82 18 5 52 65 89 17 95 86 70 33 44 97 69 32 38 67 16 68 51 80 2 30 7 54 26 66 8 99 9 75 45 50 41 58 0 1 56 98 23 4 42 12 29 59 39 49 27 62 81 19
TEST 80 ARG:94 5 95 66 17 3 75 49 98 28 69 51 48 27 97 45 0 63 64 93 62 32 67 80 96 70 86 22 6 34 59 87 68 73 85 71 19 14 15 72 40 2 76 57 18 89 1 77 16 56 21 20 65 8 36 84 60 4 38 47 50 23 10 44 90 33 79 42 91 55 25 37 13 52 41 54 99 83 29 30 58 7 39 61 26 92 24 74 11 88 12 9 53 46 81 31 82 35 78 43
TEST 81 ARG:36 19 41 74 91 69 44 94 72 47 39 92 58 16 55 52 2 99 78 4 62 90 76 54 85 75 64 79 18 84 68 13 43 26 45 65 33 77 27 81 34 21 98 22 49 1 96 87 7 15 6 25 0 40 57 37 17 82 32 70 20 67 48 80 23 89 71 86 53 61 56 35 50 30 5 14 12 46 8 83 28 29 11 97 42 3 95 88 59 10 38 51 63 9 66 60 31 93 24 73
TEST 82 ARG:84 68 74 87 25 75 0 86 36 69 53 80 95 43 55 15 73 91 63 24 89 79 13 72 51 17 11 20 10 77 92 83 44 78 1 21 61 58 34 23 62 49 19 37 45 52 27 12 82 3 35 38 18 46 32 16 47 22 33 7 90 96 29 88 42 40 14 8 66 64 6 56 28 26 41 2 94 98 60 54 59 99 70 5 67 85 39 97 76 71 9 50 57 65 93 81 30 31 48 4
TEST 83 ARG:38 70 29 97 42 95 59 89 55 31 21 56 17 75 11 67 60 25 50 26 0 27 18 14 52 23 78 90 19 44 58 3 12 62 87 76 22 99 35 80 69 43 15 63 71 88 46 30 20 98 49 6 57 81 9 32 82 8 77 2 37 39 84 10 48 4 79 74 51 28 68 7 85 72 54 65 73 16 24 66 13 96 41 40 33 47 83 86 5 61 45 94 64 53 93 36 92 34 1 91
TEST 84 ARG:14 36 17 73 53 23 87 51 63 5 77 84 72 58 60 10 88 62 13 12 93 97 65 61 81 39 29 45 78 25 44 95 7 49 27 79 48 0 68 26 3 8 56 22 86 6 43 35 71 32 69 11 66 18 80 28 4 2 82 98 70 64 89 38 99 50 1 83 41 16 15 96 34 19 37 90 74 20 92 31 40 54 94 33 91 59 57 76 52 21 47 85 9 55 30 46 42 67 24 75
TEST 85 ARG:22 93 54 65 19 62 32 52 46 79 91 64 86 71 95 38 0 15 87 83 76 75 12 60 74 98 28 99 6 81 48 26 88 11 40 90 37 58 67 29 55 50 25 94 72 4 17 97 73 16 66 18 35 68 77 39 34 96 51 84 13 57 45 21 3 53 20 14 82 69 78 80 27 30 9 85 59 24 33 47 42 31 56 63 36 5 49 89 2 61 8 7 1 44 41 92 23 70 10 43
TEST 86 ARG:36 78 20 60 27 19 48 21 6 75 17 9 99 29 94 18 30 23 53 67 76 88 89 8 10 12 41 77 66 0 25 95 86 59 2 56 22 33 50 92 43 65 98 96 1 13 80 37 3 45 71 74 97 49 39 69 44 7 24 61 40 34 46 91 14 4 82 57 32 52 68 16 26 64 87 85 73 31 90 84 70 15 63 83 81 51 11 35 58 54 28 79 62 93 38 5 42 47 55 72
TEST 87 ARG:76 22 99 46 68 53 66 4 17 21 6 88 78 24 14 58 31 43 65 5 74 16 67 3 59 30 23 7 92 83 50 36 56 80 13 38 57 75 55 87 71 41 18 95 51 69 81 73 49 82 28 72 60 84 96 15 91 64 97 94 40 33 77 26 34 10 89 47 9 1 29 45 37 98 79 25 63 54 42 61 85 90 62 27 52 11 32 2 35 86 20 48 39 19 93 12 70 44 0 8
TEST 88 ARG:89 98 31 6 48 12 66 81 27 62 84 42 54 32 70 76 33 87 25 92 23 83 19 50 18 44 51 16 37 75 20 82 43 36 10 24 71 35 73 88 34 45 72 78 80 97 58 8 22 69 26 39 64 60 53 38 65 28 61 41 40 59 21 4 46 77 91 68 86 74 2 95 90 47 57 63 94 85 1 49 7 96 67 9 17 13 3 29 79 55 93 0 56 52 30 15 5 11 99 14
TEST 89 ARG:50 98 24 52 44 15 0 3 20 54 78 40 70 8 5 82 49 46 97 74 29 21 37 26 16 30 4 9 63 57 67 87 39 86 69 2 38 88 7 94 58 75 12 76 95 59 89 45 34 35 61 28 22 32 93 66 71 92 47 42 27 65 72 79 25 64 85 31 77 41 33 11 96 83 48 80 60 84 68 73 10 23 51 17 81 6 19 55 13 62 53 91 36 43 18 1 14 90 56 99
TEST 90 ARG:14 1 86 89 68 35 63 72 82 83 96 51 18 60 74 13 15 12 94 70 95 50 43 76 33 97 44 2 92 77 71 73 59 88 46 90 22 21 78 98 54 85 32 56 45 69 5 3 30 58 34 52 81 17 75 65 79 48 7 6 37 93 27 39 31 40 84 36 80 38 26 29 55 24 99 57 0 20 62 8 66 61 64 67 23 47 19 9 28 25 11 10 42 49 91 87 53 41 4 16
TEST 91 ARG:1 26 51 82 20 14 13 11 85 99 53 35 92 72 47 94 10 67 8 76 24 79 18 0 84 87 28 36 17 15 91 63 81 78 29 83 3 33 86 49 37 95 22 46 65 66 6 41 73 61 25 74 19 75 55 69 21 77 39 45 71 58 60 16 40 64 56 52 80 96 90 34 68 5 7 23 31 43 42 44 4 12 50 57 97 32 30 48 93 38 98 88 89 54 59 70 62 27 9 2
TEST 92 ARG:27 86 82 23 1 12 35 4 33 69 17 59 76 73 19 64 38 13 97 75 85 14 52 71 45 57 30 47 37 99 66 78 21 79 29 36 0 51 46 5 60 48 18 83 7 92 3 49 28 81 20 62 50 65 34 15 26 77 80 11 24 44 56 22 6 93 53 72 43 61 9 94 70 42 40 91 2 58 98 10 41 67 25 88 32 8 39 96 55 95 68 54 87 84 16 74 90 89 31 63
TEST 93 ARG:91 81 55 34 44 28 94 37 6 65 39 1 14 29 61 53 89 96 99 8 82 45 93 11 51 52 72 60 59 63 85 76 98 95 12 9 4 5 83 84 40 48 7 47 56 31 73 78 20 66 42 30 71 24 35 43 15 49 46 57 64 92 69 10 18 68 87 38 13 2 70 36 90 26 77 86 54 67 74 75 41 17 80 16 32 22 79 3 58 0 23 88 33 27 25 62 19 50 21 97
TEST 94 ARG:53 21 49 63 40 72 11 87 70 94 3 23 48 58 39 6 26 78 18 38 88 79 4 60 85 65 93 45 42 29 7 86 77 2 30 19 57 15 67 80 12 71 89 47 31 95 22 64 56 96 97 27 73 76 17 41 75 1 14 54 69 66 99 16 36 28 68 25 5 37 46 61 20 91 90 50 43 33 62 0 34 32 74 44 83 9 59 84 10 24 55 51 35 8 13 92 98 82 81 52
TEST 95 ARG:72 5 80 38 16 88 82 54 4 50 9 68 13 70 18 61 81 0 77 84 17 85 43 92 66 62 44 63 97 93 53 86 95 98 32 69 21 96 49 74 19 89 34 15 79 8 3 48 51 99 11 30 23 6 73 26 87 27 94 78 90 22 33 59 52 71 58 10 65 39 24 91 55 41 57 60 12 28 36 31 75 37 76 45 2 83 14 56 67 40 1 42 20 29 47 7 35 64 46 25
TEST 96 ARG:11 96 23 15 86 5 40 95 97 92 70 36 60 43 37 39 63 83 78 38 12 84 59 56 68 10 66 80 69 22 6 31 29 9 72 25 28 67 0 71 13 53 79 58 91 24 54 21 94 34 16 4 76 26 88 82 32 18 85 64 74 52 65 14 48 8 30 51 17 45 99 27 2 35 42 20 62 19 46 98 41 3 44 49 89 90 33 73 87 75 47 81 77 61 57 50 1 55 93 7
TEST 97 ARG:93 29 83 99 33 98 38 37 85 87 70 58 16 7 25 17 61 22 74 32 6 89 30 21 94 9 23 86 11 76 54 57 75 62 97 35 51 26 67 13 79 46 39 14 84 15 59 44 49 95 47 34 19 12 71 48 65 4 80 69 68 43 73 2 82 90 66 81 88 1 8 18 5 45 0 55 53 72 3 78 10 36 52 31 92 56 64 42 41 40 27 50 28 60 77 63 24 20 91 96
TEST 98 ARG:10 84 35 50 8 90 59 72 54 74 40 6 47 46 93 7 44 1 87 32 39 52 2 92 49 5 65 53 55 97 27 3 37 19 34 38 42 61 68 16 9 69 89 48 18 64 81 13 95 30 83 31 12 70 80 41 82 15 94 73 29 66 76 0 11 36 88 60 20 17 4 28 26 62 21 71 91 75 96 24 58 78 22 45 56 51 25 23 77 98 99 79 33 67 63 57 85 43 14 86
TEST 99 ARG:17 11 49 96 43 83 56 7 81 93 52 35 9 47 69 33 72 21 34 1 99 70 22 30 75 65 73 90 92 51 53 85 36 29 64 16 4 6 31 68 82 54 61 79 94 87 8 66 15 24 78 67 59 84 5 20 26 39 19 71 18 3 98 25 50 86 91 62 37 27 42 12 14 2 23 89 46 58 97 32 38 77 28 13 74 60 57 0 95 55 10 88 80 40 41 48 63 45 44 76
TEST 100 ARG:57 73 65 81 1 41 53 16 39 59 78 44 10 63 62 85 70 92 5 11 26 69 94 6 97 34 77 2 12 22 95 42 27 50 15 19 71 86 33 87 43 74 99 96 60 38 46 24 67 45 90 37 56 23 76 25 14 18 80 47 17 49 7 4 30 68 89 64 36 84 28 88 52 51 13 91 40 3 48 79 21 66 31 75 9 72 8 0 20 32 29 93 58 83 82 35 54 61 98 55
TEST 101 ARG:88 87 23 64 50 51 65 44 26 73 52 9 56 85 12 0 89 38 63 14 54 53 48 79 98 84 83 60 57 2 72 5 94 81 46 30 28 74 45 18 4 77 8 67 34 35 80 22 71 78 96 11 33 1 70 15 76 58 86 93 37 92 66 19 24 99 25 95 42 10 32 49 39 40 75 13 62 43 61 82 47 90 29 7 20 36 68 69 59 97 6 41 31 3 16 27 91 55 21 17
TEST 102 ARG:47 9 30 1 86 25 38 91 53 3 70 0 96 21 82 14 66 32 28 39 46 69 23 50 87 57 67 31 11 5 40 35 92 59 60 56 97 17 54 48 98 6 80 24 72 49 52 83 93 2 36 22 89 8 16 78 62 74 71 18 33 75 73 41 55 79 12 68 37 34 7 85 42 95 63 84 4 64 90 19 44 26 20 77 51 58 27 94 10 61 15 13 81 43 29 76 99 65 88 45
TEST 103 ARG:51 75 66 8 13 5 60 72 22 97 38 53 79 31 98 12 80 29 2 94 73 35 36 19 25 15 65 99 4 81 86 34 18 46 45 11 24 26 55 78 9 21 6 44 43 70 64 52 96 39 16 27 84 69 14 58 10 92 82 50 49 61 85 20 3 7 59 30 62 74 71 95 41 1 56 87 88 57 89 93 0 32 63 68 90 77 23 47 83 28 48 33 17 42 54 37 91 76 67 40
TEST 104 ARG:17 78 41 68 14 11 36 5 80 96 76 88 92 65 54 16 64 51 25 67 61 30 44 52 70 82 6 38 75 79 60 3 21 87 89 19 15 39 40 35 93 29 20 23 22 7 43 91 71 72 58 95 97 90 2 57 48 32 74 37 49 46 99 28 34 31 73 18 56 85 94 8 33 77 98 12 27 45 4 53 59 84 55 81 63 13 47 26 62 50 10 83 69 24 9 0 66 42 1 86
TEST 105 ARG:52 15 51 0 82 19 26 96 70 65 12 69 63 6 46 5 73 57 1 74 86 71 87 47 14 56 25 34 91 66 30 16 53 98 95 36 68 38 75 55 90 32 24 80 44 2 20 77 29 22 83 49 23 40 94 76 9 93 43 99 31 4 92 21 7 72 64 48 81 79 67 84 41 58 60 10 89 33 28 54 50 42 11 3 27 18 8 45 62 78 85 59 61 39 17 35 37 88 97 13
TEST 106 ARG:3 16 76 30 99 42 4 14 57 66 10 95 47 79 48 61 24 60 80 45 52 98 5 89 7 25 74 56 53 71 44 81 64 68 83 33 85 78 88 11 46 96 9 36 43 59 77 70 69 94 40 18 54 92 41 93 38 35 50 91 15 8 20 21 62 67 87 37 65 13 22 82 1 86 39 90 19 0 29 34 63 84 28 31 49 97 27 72 26 58 12 17 51 32 73 75 23 55 2 6
TEST 107 ARG:96 46 48 67 58 0 33 71 34 76 42 81 86 6 56 79 93 75 66 97 70 44 35 87 40 37 41 74 69 54 64 98 88 60 14 28 82 61 27 85 12 4 7 9 90 13 77 65 99 53 52 30 19 94 80 31 10 18 23 57 43 89 20 5 26 32 17 15 95 84 51 83 55 22 45 49 50 59 63 21 25 8 39 92 11 38 29 62 47 78 68 16 1 36 24 2 3 73 72 91
TEST 108 ARG:11 91 66 39 40 58 6 95 32 38 54 76 85 57 51 9 47 10 1 63 93 84 64 74 35 4 13 49 82 86 0 43 61 55 17 92 19 50 52 28 36 94 53 78 67 75 24 48 99 34 15 33 81 65 5 25 59 70 56 14 45 26 96 71 42 79 37 27 22 89 7 20 44 8 98 23 41 60 77 30 69 12 88 16 73 72 31 80 90 3 29 62 46 2 87 21 97 68 83 18
TEST 109 ARG:60 23 94 66 63 45 48 32 18 53 17 10 85 84 93 54 36 51 86 24 67 13 8 76 61 22 87 15 3 97 28 41 0 37 96 44 59 9 78 83 58 1 82 27 12 33 64 95 55 7 26 14 19 50 73 75 40 92 5 43 25 39 46 62 69 42 6 98 77 81 91 72 29 34 71 89 57 52 88 2 99 4 80 31 38 21 47 90 11 65 70 20 35 16 49 56 68 79 30 74
TEST 110 ARG:39 69 87 88 95 65 21 74 29 50 11 40 14 25 92 0 30 42 8 78 36 81 24 84 16 3 9 62 19 59 26 35 52 13 41 86 56 49 45 32 7 47 93 43 57 37 63 82 91 5 38 80 79 10 2 94 61 22 83 97 34 46 15 89 71 85 17 58 99 75 54 48 66 73 51 76 70 55 28 60 4 12 20 44 23 90 53 77 1 67 18 68 98 33 27 72 31 6 64 96
TEST 111 ARG:34 28 14 42 47 81 12 27 69 32 77 8 15 82 53 35 25 76 52 22 0 88 74 17 41 26 44 96 64 6 95 19 66 33 48 89 93 83 92 13 9 98 63 97 20 7 49 72 73 94 2 61 58 55 71 79 60 57 1 3 37 65 68 70 4 36 86 90 62 18 43 51 50 16 30 67 59 11 99 78 80 10 5 85 38 54 84 46 87 91 23 40 45 31 21 29 24 56 75 39
TEST 112 ARG:42 16 60 24 31 35 88 54 29 28 58 90 56 43 66 61 62 72 99 80 87 19 71 82 38 44 37 32 34 3 36 81 2 76 1 11 45 65 9 5 86 84 98 18 70 4 26 91 22 23 49 33 52 13 10 57 67 68 94 74 27 73 95 93 77 7 17 97 51 14 75 48 85 64 63 92 20 41 8 40 6 96 15 12 30 0 55 59 79 46 53 21 69 78 47 39 50 25 89 83
TEST 113 ARG:60 82 27 19 44 33 74 20 97 80 46 0 61 95 30 9 29 56 18 63 87 26 6 28 79 10 69 49 2 32 47 36 45 7 21 93 89 73 92 38 58 51 11 42 17 67 91 34 8 75 85 71 16 57 83 24 77 88 25 52 76 1 37 90 5 35 31 68 14 15 43 65 54 98 70 62 78 22 53 94 50 84 86 40 4 3 59 48 23 41 99 39 66 64 12 55 81 72 13 96
TEST 114 ARG:6 12 40 9 24 91 72 2 59 97 88 27 63 98 15 84 32 81 10 26 47 41 71 20 22 34 38 11 5 43 8 74 73 82 35 33 25 52 87 62 70 50 58 99 16 57 14 7 44 67 55 89 18 1 21 64 39 68 46 4 90 65 60 42 19 13 17 30 95 23 54 36 51 79 69 77 93 76 61 94 3 45 56 96 31 29 78 66 83 28 92 80 85 37 53 86 48 49 75 0
TEST 115 ARG:37 25 5 33 35 50 68 79 77 99 0 53 62 61 74 34 6 92 29 73 41 64 7 32 16 46 30 42 96 84 82 22 43 27 1 86 76 70 17 81 83 20 31 38 2 44 36 60 49 90 15 78 91 10 72 63 75 95 4 54 26 66 57 58 45 21 71 69 98 18 19 8 65 11 13 12 47 93 87 56 55 97 28 80 3 94 40 67 24 85 89 14 9 52 59 39 23 48 88 51
TEST 116 ARG:3 38 51 79 92 58 19 35 57 83 64 34 54 67 95 60 52 74 71 7 5 70 25 50 33 8 61 45 90 23 65 59 12 48 47 84 36 99 6 40 26 20 24 14 18 69 86 46 63 16 56 21 53 77 10 87 68 85 39 78 30 97 4 66 37 80 96 1 31 76 62 28 11 2 43 55 49 72 29 98 82 75 13 41 44 32 17 91 0 81 93 22 73 15 42 9 94 88 27 89
TEST 117 ARG:46 44 14 18 8 37 6 67 85 29 76 30 13 60 89 39 12 16 35 20 52 74 81 24 1 23 27 31 40 48 58 77 75 22 0 56 36 57 25 87 3 80 84 45 71 99 72 62 34 69 98 68 9 26 21 78 94 54 7 92 47 91 17 90 73 66 33 97 32 59 38 41 88 95 53 42 11 49 64 70 28 82 2 65 86 79 10 93 51 61 55 15 50 96 5 63 19 83 4 43
TEST 118 ARG:39 76 81 14 65 28 1 22 2 18 6 43 79 34 93 29 62 5 26 86 52 61 4 8 40 53 7 89 99 55 82 37 41 96 80 48 88 59 91 47 46 58 44 94 92 0 49 30 50 84 12 97 78 20 23 70 68 63 38 67 16 85 90 54 31 27 75 57 73 77 21 72 45 60 42 35 32 33 24 19 74 10 11 3 9 15 17 69 71 95 66 83 25 13 87 51 64 36 56 98
TEST 119 ARG:89 52 92 48 39 7 34 0 33 20 17 38 87 1 58 16 26 78 85 67 53 11 88 13 32 40 19 60 72 28 84 99 43 44 25 86 12 65 3 30 6 4 80 75 91 22 68 29 59 23 90 69 14 47 8 46 50 74 79 54 41 93 36 94 66 96 45 55 62 21 57 51 76 70 27 82 5 73 18 9 49 64 77 97 15 95 42 31 56 83 10 24 81 2 35 61 98 37 63 71
TEST 120 ARG:62 82 70 35 61 56 1 88 73 85 13 92 31 99 66 46 28 4 39 0 24 63 50 68 65 75 16 98 72 41 3 21 30 2 12 55 54 34 42 64 33 10 79 52 43 91 93 74 60 6 25 18 15 84 45 7 97 40 86 32 57 37 83 23 38 9 19 80 78 27 11 14 48 22 77 69 44 90 53 29 58 26 20 89 94 8 51 76 47 95 87 5 67 71 17 49 96 59 81 36
TEST 121 ARG:61 62 83 51 2 67 10 99 3 88 68 72 29 95 82 81 69 8 64 5 98 90 70 92 65 50 96 76 11 9 97 37 26 21 43 27 56 41 91 48 30 75 52 46 73 33 55 54 6 20 17 94 16 53 58 59 36 85 74 45 44 24 38 40 14 47 35 22 12 79 18 7 4 31 63 87 0 28 86 84 15 78 93 42 39 49 34 23 80 13 66 60 71 32 57 1 77 89 25 19
TEST 122 ARG:59 96 97 30 3 68 91 1 9 95 77 21 90 31 37 66 42 54 20 98 39 11 23 6 33 93 7 72 18 40 83 79 75 14 43 78 73 74 76 26 17 27 35 53 82 22 29 61 34 67 60 4 25 81 85 99 38 70 45 55 16 8 71 12 89 44 13 94 36 87 48 41 57 32 84 49 2 24 51 15 69 64 0 62 88 19 86 58 65 63 10 28 56 52 5 92 46 80 47 50
TEST 123 ARG:55 10 51 29 45 85 52 65 17 3 40 21 67 43 96 94 39 70 8 83 44 88 62 61 12 63 90 89 13 50 41 28 73 57 53 76 64 95 32 74 58 24 11 0 2 1 34 22 84 15 7 36 97 86 30 48 66 81 54 93 16 37 33 69 87 42 80 79 26 38 35 98 14 56 4 23 25 99 18 59 68 91 31 46 72 5 6 49 75 77 20 19 78 9 60 27 92 71 82 47
TEST 124 ARG:71 60 61 55 43 42 15 83 1 76 32 24 68 3 2 37 88 11 59 93 72 90 67 26 6 58 28 81 49 79 16 98 89 97 35 92 85 64 52 31 23 30 75 45 74 21 5 96 78 69 40 9 51 53 99 19 80 95 39 38 91 84 62 33 50 36 13 22 86 0 47 12 18 7 70 65 29 25 57 46 66 94 44 48 14 4 17 10 77 87 34 56 8 27 63 20 73 82 41 54
TEST 125 ARG:36 9 82 31 63 89 4 52 65 33 99 97 84 71 60 19 66 96 87 1 8 98 74 80 3 7 76 67 43 32 13 40 2 94 77 95 90 64 58 23 11 57 18 17 83 21 14 15 47 68 81 28 92 46 51 59 34 70 20 69 93 6 27 56 49 78 55 22 5 42 79 29 85 75 35 39 0 41 45 26 61 88 91 12 53 54 44 30 62 24 37 73 16 72 86 48 25 50 10 38
TEST 126 ARG:99 62 75 3 97 18 36 20 68 63 46 52 2 4 29 59 51 95 55 94 73 66 67 31 33 96 38 17 88 14 72 22 56 19 30 98 54 76 6 90 27 13 23 45 37 16 21 43 92 25 0 77 40 69 47 60 42 70 79 91 39 44 64 87 57 61 24 65 84 80 74 41 71 26 83 7 9 35 89 86 48 81 53 1 78 34 28 15 93 58 32 85 10 5 49 82 12 11 50 8
TEST 127 ARG:55 93 6 62 94 38 61 66 92 8 99 0 10 70 80 84 96 86 25 5 71 28 76 21 14 49 57 9 85 73 88 58 27 48 7 83 50 3 44 20 60 23 35 37 74 68 24 87 22 32 64 36 97 91 41 4 16 45 79 63 47 51 43 56 46 42 69 31 26 98 75 1 54 13 81 77 33 12 39 30 29 18 2 11 17 53 67 52 65 90 15 82 34 78 89 59 19 95 40 72
TEST 128 ARG:87 44 19 56 31 11 70 42 78 93 83 48 36 4 7 12 71 96 20 68 92 50 65 75 85 3 10 99 40 58 77 61 55 52 90 16 30 84 6 79 51 28 74 76 73 38 17 81 18 47 22 95 26 62 37 33 97 29 69 23 5 24 67 13 45 98 43 14 89 32 8 80 46 66 1 63 94 82 59 57 41 39 88 15 2 27 86 60 91 72 34 0 64 25 49 21 9 53 35 54
TEST 129 ARG:46 40 9 44 56 74 75 8 72 3 61 86 79 39 14 69 37 24 62 90 51 30 50 94 18 65 21 6 45 81 13 83 96 71 54 4 29 55 0 2 70 5 16 7 57 43 1 34 28 25 88 42 20 91 22 59 97 15 66 38 84 10 78 77 26 12 76 64 32 49 85 93 67 82 92 35 98 58 89 95 87 31 36 23 19 17 60 33 99 47 63 27 68 11 80 52 48 73 53 41
TEST 130 ARG:96 7 10 49 23 28 32 86 44 30 99 25 89 24 1 15 78 76 50 22 75 54 47 68 0 6 20 80 90 56 69 19 21 48 66 5 52 14 27 88 72 51 34 83 11 18 17 65 39 45 9 36 91 31 64 60 63 53 92 58 26 55 43 12 95 87 40 98 29 57 94 97 46 71 3 82 4 70 74 59 38 67 37 79 2 85 77 62 84 13 41 81 16 33 61 73 8 42 35 93
TEST 131 ARG:45 34 48 3 9 22 47 28 21 7 24 38 68 39 72 1 4 55 96 15 87 19 74 16 94 41 92 73 70 88 83 63 44 36 31 91 10 99 84 51 62 50 0 52 49 69 30 57 29 13 66 42 86 80 81 93 46 71 2 40 90 67 20 14 85 56 95 8 26 54 27 77 98 59 17 75 89 12 6 76 18 53 65 61 60 64 5 82 32 43 97 35 37 23 33 11 79 78 58 25
TEST 132 ARG:7 5 43 67 47 88 84 6 38 93 22 17 37 10 75 86 74 68 27 90 30 14 44 89 64 54 63 65 69 1 78 60 4 12 99 95 33 11 97 13 66 18 85 45 72 56 48 26 82 70 15 79 59 58 39 9 98 46 24 40 57 8 25 61 51 77 21 28 31 2 94 53 81 20 19 36 91 73 87 34 41 42 0 29 92 50 16 3 96 32 80 55 35 76 49 62 52 71 83 23
TEST 133 ARG:1 87 41 53 9 34 67 18 65 35 79 73 66 16 42 54 99 57 48 92 62 19 45 84 59 81 60 40 10 97 46 61 69 7 91 78 95 96 90 28 13 26 38 32 55 88 44 77 93 68 36 21 20 39 24 89 6 49 58 15 83 12 47 33 3 64 70 8 5 75 56 0 27 22 4 80 30 11 23 94 37 52 86 51 29 82 76 74 43 2 98 14 63 31 50 17 72 71 25 85
TEST 134 ARG:49 11 0 78 6 63 48 68 61 83 99 98 30 12 59 25 34 24 27 86 5 81 32 73 13 29 84 9 89 69 70 8 4 42 22 62 55 95 1 79 45 66 64 41 10 53 94 52 56 38 75 16 97 91 51 37 39 17 33 87 47 92 80 31 36 72 50 21 23 3 46 57 76 20 54 74 88 18 26 67 85 44 77 96 7 58 19 15 93 35 43 60 14 28 65 40 71 2 82 90
TEST 135 ARG:5 89 44 72 93 52 25 43 58 95 8 82 26 78 94 3 11 77 16 55 67 97 31 48 47 42 40 61 60 0 12 80 63 13 9 24 4 57 36 86 73 27 6 59 99 85 7 20 33 92 62 28 66 74 50 53 79 68 87 96 83 30 91 84 1 64 76 14 71 51 75 54 18 34 19 23 88 10 98 90 15 29 65 69 41 81 32 17 46 37 21 49 45 2 56 39 22 38 70 35
TEST 136 ARG:58 85 71 32 1 56 99 42 73 28 70 23 88 66 14 81 64 24 55 18 46 31 50 3 8 4 95 74 34 16 75 89 26 52 79 94 59 20 77 22 80 45 93 38 17 62 54 39 90 91 11 97 7 48 47 72 87 12 10 92 51 57 82 0 69 6 2 33 36 65 53 83 37 44 35 49 43 30 67 9 5 25 61 68 21 86 96 40 60 13 19 27 98 78 76 15 29 63 41 84
TEST 137 ARG:24 61 84 25 81 64 35 70 43 85 79 95 33 56 1 8 31 62 2 22 68 59 39 23 21 30 26 0 76 44 12 42 9 60 69 52 87 27 73 90 49 13 55 5 75 3 80 72 32 48 94 77 4 89 34 86 45 17 78 54 18 91 57 63 14 96 88 98 50 6 37 92 83 51 47 15 65 38 99 29 53 11 93 36 16 20 97 58 7 10 82 19 71 41 66 28 40 74 67 46
TEST 138 ARG:55 8 97 13 65 93 72 11 41 18 98 7 16 90 64 0 17 60 30 50 2 62 36 40 68 63 95 77 74 12 58 15 5 42 33 19 26 43 20 76 21 31 53 32 45 38 94 4 83 3 56 67 85 78 99 10 81 96 44 47 59 52 27 25 37 34 23 28 6 82 57 9 24 75 70 1 54 92 87 91 14 61 80 89 69 48 71 29 39 66 84 79 49 46 51 73 88 35 22 86
TEST 139 ARG:3 99 71 19 29 72 94 22 34 79 1 76 31 12 40 25 91 70 65 97 98 58 53 52 69 95 32 67 74 39 68 49 9 38 92 78 66 11 28 64 37 48 21 96 88 87 8 75 93 23 73 0 60 59 41 47 54 6 85 42 14 27 61 15 63 80 77 46 5 16 86 43 18 89 62 81 33 2 17 7 51 90 82 44 35 13 50 10 55 20 56 36 57 26 84 30 83 4 24 45
TEST 140 ARG:77 85 71 21 68 35 99 4 90 30 44 39 45 26 17 48 18 95 60 52 96 65 34 11 13 37 84 23 88 94 47 50 58 75 6 81 15 86 8 28 9 93 61 14 69 92 16 67 24 70 74 76 22 87 33 63 53 12 80 56 79 78 51 40 3 72 43 57 20 54 29 7 91 49 38 10 64 82 2 55 97 27 66 73 25 46 83 5 41 32 36 62 19 0 59 98 1 89 31 42
TEST 141 ARG:6 95 54 46 73 80 9 21 86 13 69 81 33 91 32 26 44 14 65 93 1 24 10 22 12 90 27 29 23 98 84 99 59 16 77 64 49 57 76 40 45 63 39 51 3 71 47 25 94 68 30 48 78 7 88 85 79 66 28 34 31 92 96 61 67 19 83 42 0 89 70 72 56 18 15 2 5 60 36 62 17 52 41 74 58 38 8 55 11 87 20 43 35 97 37 4 82 50 53 75
TEST 142 ARG:37 19 90 23 17 3 94 57 48 32 83 95 75 14 78 70 59 40 66 63 28 52 4 36 15 2 85 98 38 88 91 10 11 20 50 45 13 35 64 5 8 84 41 25 61 42 62 82 46 0 7 51 44 58 92 54 33 30 69 99 27 16 77 31 65 80 18 49 93 68 81 34 72 76 55 89 86 87 97 29 60 96 43 39 73 1 79 22 6 47 21 53 24 56 67 9 74 26 71 12
TEST 143 ARG:87 79 45 71 53 81 13 42 55 26 86 51 41 60 40 90 92 62 74 16 67 65 29 34 15 88 7 63 77 52 1 78 46 82 38 83 28 89 59 85 27 25 99 14 94 9 70 35 3 93 80 98 19 68 10 54 5 36 32 37 20 48 31 72 73 39 75 12 2 18 57 11 58 50 43 64 23 76 84 56 49 96 69 97 44 4 0 6 17 91 95 22 8 24 61 33 21 47 30 66
TEST 144 ARG:74 51 96 24 72 34 16 58 79 52 45 25 6 28 40 90 30 13 81 26 59 29 0 65 50 69 61 1 7 63 64 66 80 31 9 22 86 4 92 18 85 54 2 8 10 75 57 48 49 56 91 94 39 93 68 5 15 14 62 23 11 36 43 99 3 47 27 60 12 19 83 77 71 53 84 42 70 89 88 33 37 67 87 21 55 32 73 82 20 78 17 95 98 38 46 44 76 41 97 35
TEST 145 ARG:93 85 38 39 3 45 72 47 53 82 74 29 89 12 94 4 2 5 34 35 55 76 90 86 1 95 78 67 57 87 0 42 92 15 23 25 31 17 51 70 84 54 21 66 19 46 96 22 26 97 9 44 62 91 6 30 64 56 14 63 24 79 49 52 41 28 98 43 80 7 65 73 68 99 37 81 20 88 60 27 50 69 83 36 40 77 10 33 18 61 71 48 8 32 11 13 58 59 75 16
TEST 146 ARG:10 25 50 90 78 12 47 95 71 92 8 19 9 44 94 72 63 52 41 34 79 20 82 76 55 60 0 5 89 73 93 23 36 69 80 2 27 53 32 3 31 6 75 77 48 1 21 99 26 70 61 87 74 4 66 57 16 30 59 81 84 45 54 42 96 17 15 37 39 40 56 88 24 67 97 85 22 29 68 86 62 58 43 51 14 13 35 33 83 65 18 11 64 28 7 98 38 49 46 91
TEST 147 ARG:32 67 8 64 20 44 17 58 95 63 68 75 43 53 42 7 0 50 93 12 65 49 79 1 16 98 34 57 88 89 46 74 48 90 18 80 83 22 45 14 77 85 9 51 55 86 11 41 76 31 71 33 56 37 39 15 59 21 30 28 61 60 25 91 26 27 62 52 78 69 97 19 94 36 73 82 81 54 99 47 38 84 29 72 87 40 13 4 66 5 23 35 24 2 92 6 3 96 70 10
TEST 148 ARG:98 75 90 37 40 13 74 25 92 68 91 27 36 97 65 54 63 2 42 43 78 84 67 20 72 30 17 53 18 39 57 6 79 16 38 76 44 48 7 0 73 94 28 99 56 14 55 21 41 77 80 33 69 35 66 85 1 93 96 71 15 51 83 64 58 22 70 61 24 59 23 3 62 10 50 8 9 46 31 19 12 82 32 95 11 26 81 49 47 45 89 4 34 52 86 88 5 60 29 87
TEST 149 ARG:55 14 3 21 49 52 81 74 30 69 87 4 93 57 75 78 19 53 36 99 39 91 31 88 70 96 85 48 17 9 38 89 71 10 15 34 43 32 63 66 2 56 94 97 84 68 64 90 6 46 54 44 86 1 67 45 62 41 40 16 51 76 12 11 18 95 50 20 29 26 61 82 42 27 58 80 7 92 60 23 83 65 37 13 25 98 28 8 35 77 59 33 22 79 24 5 47 72 0 73
TEST 150 ARG:14 94 92 8 91 28 19 46 75 23 41 15 72 51 22 74 60 39 43 62 93 1 85 40 4 70 61 45 7 25 18 68 17 56 73 37 36 33 58 84 81 71 32 48 53 59 95 5 10 21 52 12 54 38 16 83 89 97 42 27 90 55 88 82 30 47 6 86 3 57 78 98 80 99 63 13 24 76 2 66 69 9 96 11 29 44 0 31 34 67 79 77 35 49 87 50 64 26 65 20
TEST 151 ARG:16 13 11 89 48 49 66 7 54 78 98 74 27 45 87 64 60 35 56 17 84 61 65 37 77 73 83 55 95 18 97 68 28 96 79 19 46 1 22 3 88 10 21 63 34 9 51 70 5 62 86 32 42 76 14 12 53 26 99 82 8 57 47 75 15 58 44 41 25 67 43 81 23 93 0 31 90 6 36 94 92 50 33 2 4 69 52 40 29 91 38 39 80 30 59 71 24 20 85 72
TEST 152 ARG:82 12 24 67 48 69 50 53 99 5 13 7 84 65 56 86 3 45 43 66 90 21 68 80 81 87 76 33 42 4 30 39 71 32 77 79 11 74 73 18 22 94 16 78 6 1 28 47 49 62 58 85 29 19 51 20 97 60 83 2 98 93 9 57 61 88 26 14 10 75 72 54 95 64 31 35 44 23 52 89 36 41 70 96 27 37 34 92 91 38 55 8 40 25 17 46 63 15 0 59
TEST 153 ARG:35 65 77 33 74 56 15 30 98 24 79 84 43 93 47 61 62 53 7 63 37 87 51 22 78 20 29 1 4 75 11 71 19 70 80 83 26 28 23 55 58 73 91 17 85 46 92 90 81 45 25 94 39 54 48 82 52 12 41 76 16 88 34 96 38 6 5 9 3 95 68 18 2 32 50 64 72 13 21 66 60 36 99 67 0 59 40 49 27 8 69 86 42 31 97 10 44 14 57 89
TEST 154 ARG:96 92 71 31 21 4 1 39 18 90 89 17 59 77 5 32 36 47 33 62 43 0 38 9 14 35 19 63 58 20 34 28 6 7 86 94 97 83 69 88 27 45 46 93 40 85 8 72 37 11 99 84 12 25 22 41 91 51 54 75 56 52 66 3 57 78 26 49 2 67 95 23 80 13 29 76 79 98 30 42 73 50 44 68 65 53 70 55 74 16 60 87 81 15 82 64 61 10 48 24
TEST 155 ARG:63 74 86 6 30 32 25 98 29 3 89 15 27 9 93 17 39 52 53 59 85 66 7 94 79 11 62 51 13 90 60 44 24 87 92 0 96 68 61 75 4 91 83 38 20 43 33 48 14 34 37 8 71 80 72 76 18 97 46 99 78 22 5 41 35 57 12 69 42 65 2 73 70 81 88 21 23 31 1 55 49 82 64 28 56 16 50 19 84 77 47 58 45 95 67 36 54 10 40 26
TEST 156 ARG:64 91 33 6 50 40 38 58 62 39 54 22 96 51 19 63 35 42 48 72 5 68 2 4 3 16 71 67 55 27 79 95 30 98 57 69 76 34 70 43 75 10 24 83 17 8 1 23 52 99 37 18 73 87 88 44 49 80 46 74 60 93 56 9 86 7 59 81 25 94 13 65 77 45 90 92 20 26 29 28 11 89 53 12 82 61 41 85 47 31 14 97 84 0 36 15 66 32 21 78
TEST 157 ARG:93 39 35 96 72 11 23 54 7 89 33 90 0 75 58 36 65 66 99 49 40 64 81 71 52 38 27 22 61 15 68 77 74 34 12 94 30 76 16 29 31 24 91 62 57 98 59 56 92 55 32 51 88 19 25 10 48 43 84 4 14 80 47 85 8 67 26 63 83 73 3 46 13 18 50 95 87 69 28 45 9 79 5 6 42 41 20 97 17 86 44 53 78 37 21 2 60 70 1 82
TEST 158 ARG:46 61 90 3 94 65 22 89 36 85 40 16 63 60 99 71 96 93 88 32 68 64 28 83 20 18 87 30 51 86 76 58 70 27 33 49 98 57 31 2 82 7 10 29 62 43 13 91 79 24 56 66 52 8 21 54 12 47 39 81 23 80 5 45 69 41 97 15 75 53 11 17 73 44 50 67 9 37 72 48 26 77 34 38 25 59 78 84 19 74 1 92 35 4 14 95 55 6 0 42
TEST 159 ARG:86 33 47 89 96 82 3 15 92 5 57 22 31 41 55 61 74 73 12 59 85 71 43 77 51 99 78 35 30 42 21 81 18 20 27 50 26 14 52 8 58 79 70 23 84 88 2 60 91 48 72 54 69 80 94 44 36 32 46 97 0 10 16 40 11 93 67 63 66 1 90 24 75 62 76 68 6 4 7 45 53 98 17 37 28 65 9 39 19 87 56 49 95 25 38 83 64 29 34 13
TEST 160 ARG:65 73 17 2 32 23 3 90 24 42 55 5 25 67 89 57 47 97 52 84 83 39 34 28 63 79 66 51 92 54 53 49 6 99 71 60 82 70 37 72 19 27 95 35 62 14 41 10 86 69 21 1 74 77 18 12 76 94 59 58 68 40 8 88 91 20 11 38 16 78 46 4 33 56 93 61 29 31 64 43 22 0 36 87 15 85 45 9 48 96 30 26 50 98 7 44 80 13 75 81
TEST 161 ARG:91 56 38 10 79 48 96 23 92 60 80 2 4 39 55 97 88 3 29 18 43 24 30 34 74 99 40 89 15 5 16 93 69 26 63 32 35 81 1 51 64 52 31 27 47 19 95 21 84 57 11 83 14 53 54 70 0 46 67 73 66 7 58 41 8 68 71 33 59 22 9 90 78 20 61 77 94 85 50 37 13 76 36 82 65 87 45 62 6 44 28 25 86 42 17 75 98 49 12 72
TEST 162 ARG:77 14 80 34 5 15 60 65 17 30 20 94 58 62 18 12 23 91 56 75 90 0 76 96 82 38 42 25 61 79 69 31 1 83 92 74 19 97 29 84 26 40 55 43 68 35 54 86 64 50 78 57 44 37 3 10 81 7 8 53 48 99 47 39 6 13 45 46 98 33 72 9 22 41 95 32 73 93 21 49 4 24 87 52 63 2 66 89 28 59 11 85 88 36 27 70 71 16 51 67
TEST 163 ARG:67 96 12 17 59 42 88 55 0 22 84 62 20 40 73 14 16 76 98 68 94 80 69 81 79 64 95 83 18 24 45 66 19 30 32 11 47 92 10 27 75 1 51 91 6 3 74 60 29 63 31 82 48 72 4 9 21 15 70 50 65 58 25 71 49 89 93 85 52 26 86 43 57 41 33 23 36 97 37 46 44 90 54 78 8 7 56 35 77 2 87 53 38 39 13 34 99 28 5 61
TEST 164 ARG:99 60 42 32 3 82 97 56 22 37 4 74 49 12 6 90 25 87 61 9 54 85 66 91 65 52 86 77 13 81 23 1 28 70 47 17 92 38 76 57 67 71 0 5 27 11 44 80 36 8 41 10 84 21 39 68 29 45 2 93 35 16 69 58 95 7 53 43 33 26 40 55 89 63 96 83 20 15 31 72 50 51 88 19 78 46 34 79 98 73 94 48 30 14 59 24 18 62 64 75
TEST 165 ARG:3 11 88 54 25 50 38 12 63 80 75 23 46 90 27 13 24 42 91 9 6 18 58 17 15 68 97 53 84 87 37 26 61 62 29 79 16 48 2 85 22 60 94 74 1 7 4 59 36 65 73 72 52 41 14 19 57 45 10 55 21 56 77 82 40 33 51 8 93 49 35 39 89 98 43 32 66 34 96 92 95 86 71 20 28 70 69 64 47 78 99 44 83 30 81 76 67 0 31 5
TEST 166 ARG:72 73 29 25 76 44 97 12 93 68 94 6 33 7 64 42 20 89 70 43 52 91 31 16 54 57 88 80 5 90 22 34 39 19 98 30 87 23 11 24 45 2 71 78 59 48 9 86 99 51 82 10 15 37 21 27 49 63 67 58 95 79 66 4 85 1 38 18 14 62 40 13 81 8 46 35 69 55 17 61 36 28 32 47 3 50 83 96 56 53 84 60 92 26 77 74 65 0 41 75
TEST 167 ARG:71 23 96 98 13 39 62 28 53 51 55 26 34 20 25 85 17 44 8 87 82 91 93 37 6 18 99 63 61 49 40 75 36 83 81 86 33 78 10 79 43 24 65 9 32 56 50 90 4 52 97 30 54 2 14 11 16 42 80 38 45 74 31 84 46 58 5 22 88 27 35 72 70 12 95 0 76 59 48 21 89 41 92 47 7 60 94 68 77 15 66 19 1 64 67 57 29 69 3 73
TEST 168 ARG:11 95 15 84 13 41 68 36 23 89 28 6 90 80 58 8 66 51 82 22 35 25 1 33 69 44 16 75 91 97 98 93 72 45 5 78 53 12 39 60 74 92 37 81 55 14 64 52 42 21 50 7 47 9 86 61 19 49 56 94 31 79 24 26 29 99 27 43 71 62 2 85 4 10 32 83 76 34 18 17 67 63 3 38 30 70 57 88 77 59 48 87 20 0 96 65 40 46 73 54
TEST 169 ARG:70 46 92 85 27 49 76 66 4 0 89 54 73 62 42 63 9 80 61 3 13 58 29 79 11 59 78 75 23 14 68 95 96 16 19 25 24 72 67 26 98 60 30 99 97 15 91 21 36 6 1 2 33 77 47 93 10 40 52 55 44 38 86 45 35 88 48 82 74 65 20 12 18 8 84 83 39 22 51 41 94 37 56 43 87 32 64 34 53 50 7 28 5 81 31 71 90 57 69 17
TEST 170 ARG:85 28 36 31 75 59 98 70 12 15 1 4 20 46 72 37 27 82 87 35 13 26 90 73 2 9 74 93 23 43 19 76 64 66 78 33 92 48 8 96 32 16 22 49 41 94 45 47 21 10 65 86 5 29 84 30 38 7 24 14 44 99 53 81 6 89 57 80 71 63 56 62 67 58 68 88 40 0 83 77 18 52 97 50 91 79 95 34 42 54 69 17 3 60 11 61 39 55 25 51
TEST 171 ARG:12 14 54 21 46 19 76 65 72 10 83 38 50 17 43 91 25 64 30 24 73 0 68 47 90 37 55 52 42 61 9 69 36 96 56 7 35 70 13 45 57 32 15 78 40 82 58 41 1 4 29 86 22 26 49 98 79 87 11 31 84 59 2 39 81 92 16 20 67 51 48 6 75 85 27 80 18 28 89 23 44 8 34 5 97 93 77 63 88 71 60 66 99 74 94 3 62 95 53 33
TEST 172 ARG:73 62 59 69 57 5 82 9 46 33 27 18 21 97 32 76 79 20 87 23 55 22 63 99 15 41 58 53 66 0 2 52 26 67 38 10 4 78 11 7 45 25 88 83 60 1 86 19 48 28 39 43 64 91 74 42 92 36 24 81 14 44 96 54 56 65 70 77 75 93 90 80 68 94 47 85 8 17 95 72 30 89 34 29 98 51 3 35 6 49 84 71 37 16 12 13 31 61 40 50
TEST 173 ARG:5 53 90 24 83 52 60 61 63 71 55 51 97 57 12 49 29 72 23 89 19 69 39 95 79 2 6 85 40 30 65 66 45 1 41 98 96 22 59 70 56 99 84 64 68 58 37 26 92 50 9 33 8 28 91 94 18 32 20 35 31 0 77 75 34 14 44 62 73 15 27 4 88 78 43 86 16 36 42 81 76 11 25 47 74 13 10 7 3 38 21 17 46 93 87 82 48 54 67 80
TEST 174 ARG:49 68 19 90 48 67 11 7 64 72 92 47 61 57 89 1 21 2 53 41 22 3 4 34 99 39 60 98 79 75 63 46 95 69 10 42 52 96 6 40 15 29 43 54 93 51 20 14 77 8 28 74 23 86 87 71 66 44 35 70 94 84 12 27 81 62 88 16 31 24 33 83 91 36 78 9 59 32 55 65 76 30 97 17 18 58 25 82 0 45 50 38 13 73 85 26 56 37 5 80
TEST 175 ARG:86 14 5 0 79 57 1 84 82 35 88 47 55 13 59 99 80 67 4 10 58 50 81 23 16 42 30 46 32 96 39 41 40 43 70 24 11 49 26 76 31 61 85 27 34 2 21 90 18 19 54 25 75 15 68 38 6 60 93 17 56 78 97 72 48 20 51 69 73 22 63 95 9 52 28 45 7 83 71 33 12 91 8 94 37 29 87 65 92 89 66 62 44 36 77 74 3 64 53 98
TEST 176 ARG:36 66 46 68 98 47 29 42 70 25 73 32 67 85 34 77 17 86 18 8 89 88 39 24 33 10 38 55 2 12 87 6 26 11 13 82 21 79 64 76 44 62 72 4 95 50 84 43 99 37 96 74 59 97 30 28 14 0 35 69 48 78 27 71 61 93 92 16 1 31 80 57 75 20 49 94 90 9 5 23 83 22 40 45 53 63 58 52 81 19 15 65 91 56 54 60 41 7 51 3
TEST 177 ARG:84 31 59 39 18 93 11 3 60 40 91 6 58 13 72 42 64 23 54 7 78 20 35 38 0 44 33 32 1 45 83 53 25 49 67 43 9 36 5 68 37 96 65 98 56 94 63 66 75 8 50 16 52 62 89 46 22 47 88 74 55 77 97 51 76 70 79 15 30 29 10 27 87 34 28 69 14 86 4 95 90 85 57 99 19 24 48 41 61 71 21 92 80 82 2 12 26 17 81 73
TEST 178 ARG:10 79 26 1 54 35 37 13 3 88 58 67 68 84 27 2 9 19 20 28 16 8 55 62 52 39 71 23 91 63 65 75 34 64 14 56 81 15 43 47 78 29 85 51 5 60 44 0 99 83 59 70 12 73 76 57 96 87 22 74 92 32 45 46 17 48 66 7 4 93 31 89 98 90 53 49 86 30 41 18 40 38 94 61 6 21 50 97 80 72 33 24 25 36 11 77 69 95 82 42
TEST 179 ARG:66 21 34 57 50 35 56 90 42 98 63 79 0 93 95 44 92 18 59 84 87 20 24 72 39 12 49 68 17 22 88 94 43 4 82 19 55 6 37 30 86 14 13 96 23 80 2 99 81 11 5 47 78 58 32 83 60 54 3 52 76 33 97 73 77 31 46 8 10 64 7 53 26 61 75 69 16 67 89 15 40 91 27 28 48 70 51 45 65 25 74 41 62 71 36 9 85 38 29 1
TEST 180 ARG:6 76 44 37 79 24 12 77 80 84 83 38 50 18 52 57 56 17 78 55 29 72 63 65 25 69 94 88 3 8 45 97 81 22 66 9 86 90 39 96 40 27 4 34 62 68 46 35 89 15 64 67 61 71 11 87 30 60 26 33 2 43 19 0 14 92 58 51 23 53 75 98 32 10 47 28 13 99 20 41 42 70 73 74 31 91 36 93 95 7 21 5 54 59 1 49 85 82 16 48
TEST 181 ARG:87 56 69 55 62 85 83 53 88 93 54 15 16 79 10 35 40 60 58 38 42 1 45 6 14 94 92 2 36 89 8 67 30 4 13 74 96 28 97 31 11 86 46 21 44 76 34 24 12 64 5 26 81 47 0 90 72 61 52 43 68 20 80 82 48 84 17 27 3 57 71 63 91 99 73 18 7 33 22 39 51 41 70 75 32 23 49 98 37 50 19 29 78 9 66 95 65 25 59 77
TEST 182 ARG:88 59 85 32 92 77 66 12 49 74 70 42 60 44 30 1 73 10 53 86 76 82 25 54 35 47 11 98 61 99 71 78 96 37 57 81 87 91 0 43 56 18 62 15 55 94 28 8 90 84 67 19 46 97 27 5 24 89 58 80 52 7 22 83 17 3 26 72 16 4 93 75 65 2 9 23 48 38 95 21 63 31 69 41 36 29 14 51 20 50 34 40 13 79 6 39 45 33 68 64
TEST 183 ARG:26 35 94 52 1 83 0 33 99 66 37 34 3 27 86 14 32 98 47 24 23 74 9 80 43 16 36 38 68 2 49 48 56 87 71 61 21 51 54 13 95 25 50 64 41 76 10 62 88 19 55 63 45 60 30 18 8 79 81 84 73 12 59 85 53 22 6 29 82 70 46 15 77 39 58 69 4 20 11 57 65 44 91 7 75 31 42 5 92 67 96 90 17 28 72 89 93 97 40 78
TEST 184 ARG:17 64 92 56 25 8 2 65 40 36 77 97 31 53 37 46 7 26 32 81 93 60 59 6 3 98 63 49 34 91 67 5 15 87 35 52 1 54 43 83 44 88 21 38 33 39 0 13 72 30 22 73 23 74 50 57 42 89 20 12 84 28 48 69 29 66 85 4 86 68 70 82 78 90 9 58 75 41 95 96 27 18 19 14 62 76 16 80 24 94 79 71 45 11 61 47 55 10 51 99
TEST 185 ARG:24 62 39 70 34 69 37 28 79 95 74 92 98 93 8 16 87 21 53 31 23 80 25 40 44 0 2 15 66 63 9 19 7 89 18 3 61 12 85 96 75 91 17 52 10 1 71 32 73 36 99 77 86 29 11 54 50 82 35 59 88 38 65 26 6 83 47 5 13 14 58 60 76 84 64 4 43 49 22 97 72 30 90 33 27 67 42 46 45 48 55 41 51 81 20 78 68 57 56 94
TEST 186 ARG:27 60 24 90 77 55 14 96 92 37 87 40 67 28 26 69 68 80 3 66 44 10 38 50 64 33 99 59 4 46 81 58 78 73 97 29 91 23 8 56 76 32 12 79 25 83 16 94 30 61 63 19 35 71 95 86 11 48 54 52 15 0 49 39 89 45 41 34 2 1 20 84 21 74 36 13 93 75 98 6 53 22 51 18 82 88 42 85 9 5 31 65 7 70 72 17 57 43 62 47
TEST 187 ARG:60 48 18 87 23 89 35 67 57 49 31 10 65 44 29 26 62 24 9 92 21 77 81 50 55 46 99 88 63 51 1 37 64 40 7 71 86 58 52 5 17 56 94 93 13 70 28 76 33 79 41 78 95 15 97 74 12 0 83 36 42 91 20 98 25 34 4 68 54 69 38 8 47 82 53 16 30 73 32 19 45 75 27 85 61 43 39 11 6 22 59 3 90 84 80 72 14 96 2 66
TEST 188 ARG:14 24 82 48 79 7 49 88 84 8 70 94 11 62 46 86 10 80 16 97 40 67 35 73 83 4 56 90 87 65 43 36 21 1 89 57 60 95 26 93 68 33 22 37 45 19 18 98 25 85 30 29 2 63 31 6 12 50 99 53 13 27 3 5 39 61 72 69 0 28 34 54 74 52 59 92 23 76 44 81 96 9 58 51 64 41 47 38 77 17 15 75 20 42 32 78 71 91 55 66
TEST 189 ARG:90 33 2 39 23 44 97 68 74 31 94 43 3 1 71 69 51 61 50 28 30 60 80 13 26 81 54 21 5 22 36 78 24 15 67 12 64 95 84 77 20 7 52 19 98 34 76 92 27 59 85 18 0 83 56 45 14 57 9 58 72 96 88 17 29 49 46 79 8 63 25 66 40 62 73 11 38 32 35 87 82 47 37 93 89 75 42 99 16 55 10 41 48 86 70 53 91 6 65 4
TEST 190 ARG:29 77 24 34 15 35 9 80 41 82 40 26 1 73 61 11 89 55 13 91 23 5 97 79 12 4 66 50 86 52 48 95 78 65 70 18 56 60 2 16 43 33 45 39 71 85 8 96 10 63 49 20 38 28 57 75 42 31 64 93 99 19 7 74 36 47 27 69 53 62 87 17 98 67 88 94 68 30 37 46 83 59 44 3 92 81 76 22 6 90 14 72 54 32 25 21 0 84 58 51
TEST 191 ARG:46 31 66 30 0 18 94 84 93 89 6 12 69 52 86 91 10 24 9 21 32 22 83 81 82 60 61 85 74 72 98 35 39 59 44 8 15 88 96 38 48 43 28 2 64 16 62 7 19 20 26 87 73 11 49 53 13 4 63 25 51 40 90 50 33 17 41 92 57 1 67 23 42 76 95 37 45 97 47 36 29 55 34 70 99 3 77 75 79 5 68 71 78 56 54 58 14 80 27 65
TEST 192 ARG:8 3 5 90 1 16 15 84 19 78 55 21 73 31 75 96 99 44 57 27 70 37 81 65 28 61 68 18 67 20 79 56 17 6 7 77 26 36 89 58 66 35 69 86 82 33 60 38 34 40 23 53 59 72 43 10 51 54 50 92 29 9 52 39 93 62 25 94 85 24 47 63 32 46 88 98 30 83 13 49 74 2 0 4 91 71 11 64 97 95 12 48 22 80 87 41 45 42 76 14
TEST 193 ARG:83 59 63 97 51 80 61 1 95 27 41 52 21 40 17 10 56 50 60 47 73 36 81 7 16 53 0 98 5 13 15 88 31 85 54 66 86 23 79 64 38 20 12 39 6 8 94 78 11 57 43 37 67 77 96 18 19 70 55 68 14 89 76 65 71 49 24 58 91 84 46 34 90 92 4 42 93 33 35 62 32 2 22 26 29 74 48 69 87 3 25 99 72 82 45 44 28 9 75 30
TEST 194 ARG:87 40 10 34 62 16 3 17 91 94 38 39 93 31 51 42 18 23 69 12 57 44 88 97 61 24 47 79 15 33 36 21 11 30 4 20 19 70 82 50 84 86 41 85 5 67 28 2 72 90 64 54 73 7 37 65 14 71 95 78 1 32 83 6 66 27 13 9 45 35 68 46 59 60 8 53 22 74 75 98 48 89 25 77 80 76 43 96 52 58 26 55 81 0 29 63 49 99 56 92
